notruledout := [ 7057, 13897, 22681, 30241, 64513, 73145, 78625, 80705, 82433, 
83953, 94033, 115921, 126001, 137657, 139385, 146945, 189289, 197633, 214993, 
218233, 223561, 249769, 265889, 361153, 435521, 438257, 494489, 504065, 511849, 
533513, 547625, 592769, 625745, 629281, 629777, 636113, 670825, 701633, 730865, 
740657, 747721, 831889, 840449, 849745, 858377, 875009, 894889, 904465, 928145, 
974737, 1019377, 1075097, 1127449, 1137817, 1174385, 1181945, 1185193, 1190009, 
1210897, 1268129, 1296065, 1342153, 1372169, 1373689, 1404929, 1406953, 1420553,
1485073, 1526177, 1561897, 1590409, 1606537, 1660969, 1735273, 1739081, 1749673,
1769833, 1787465, 1825265, 1826273, 1922761, 1937665, 1951489, 1969409, 2030905,
2060857, 2218889, 2236529, 2271529, 2275561, 2293265, 2341369, 2344393, 2349433,
2358281, 2365337, 2375353, 2398321, 2500849, 2521793, 2586025, 2623097, 2638225,
2670977, 2672497, 2711017, 2740753, 2763713, 2779625, 2798993, 2814617, 2820665,
2856233, 2871577, 2872073, 2910385, 2936081, 2967337, 2969569, 3014425, 3015217,
3033073, 3045737, 3074465, 3077425, 3082249, 3083977, 3090817, 3112265, 3112993,
3168929, 3201697, 3214801, 3253825, 3287369, 3331729, 3496033, 3498545, 3518489,
3554713, 3567097, 3609425, 3645209, 3666665, 3703169, 3747809, 3796417, 3814777,
3875545, 3919673, 3919897, 3921905, 3982889, 4047905, 4093777, 4110121, 4125025,
4201625, 4216753, 4218265, 4284793, 4312729, 4380553, 4405969, 4409057, 4498201,
4502737, 4515617, 4536793, 4562497, 4591505, 4621457, 4629529, 4637585, 4693753,
4702825, 4718737, 4781737, 4825081, 4964969, 4991113, 4997945, 5000689, 5074057,
5076073, 5099257, 5123729, 5175641, 5175865, 5199833, 5281201, 5299625, 5322241,
5351257, 5365361, 5471425, 5534929, 5566457, 5583601, 5611537, 5615129, 5740121,
5749921, 5762017, 5820193, 5859785, 5881681, 5941217, 5968433, 5999897, 6031657,
6033385, 6064409, 6145057, 6489281, 6516001, 6621113, 6645025, 6657113, 6709025,
6781825, 6796945, 6825961, 6855697, 6952681, 6968585, 7058305, 7087753, 7115473,
7126561, 7131601, 7153841, 7155857, 7184801, 7198921, 7218289, 7300505, 7332977,
7342553, 7345361, 7386689, 7389425, 7411825, 7489945, 7504337, 7562809, 7587785,
7610177, 7675201, 7750513, 7753817, 7775777, 7782769, 7784569, 7816033, 7826897,
7878817, 7987897, 8032025, 8045857, 8075657, 8125273, 8204617, 8216273, 8219513,
8230385, 8281225, 8404481, 8406001, 8421625, 8472241, 8476273, 8504281, 8548849,
8550145, 8615153, 8616673, 8708681, 8728337, 8731073, 8732585, 8737633, 8780473,
8790769, 8802361, 8809985, 8936993, 9001505, 9021097, 9023393, 9030961, 9034769,
9054145, 9072065, 9234793, 9294545, 9308665, 9314201, 9362809, 9379225, 9436961,
9526897, 9558641, 9560377, 9593137, 9665713, 9699545, 9722225, 9755425, 9769033,
9817193, 9858529, 9933905, 9985753, 10018009, 10042489, 10054081, 10062137, 
10065889, 10075969, 10141993, 10168489, 10203761, 10290737, 10294993, 10304281, 
10314361, 10345673, 10372825, 10376921, 10390969, 10397809, 10470161, 10491769, 
10504145, 10546265, 10591849, 10639945, 10671193, 10678249, 10688833, 10692137, 
10732457, 10843561, 10894241, 10901081, 10927009, 11003617, 11025569, 11030825, 
11153809, 11155321, 11251865, 11282545, 11296433, 11302481, 11316593, 11340785, 
11364697, 11401553, 11431225, 11466569, 11486225, 11614465, 11686025, 11796913, 
11846017, 11917145, 12044881, 12175193, 12188521, 12191041, 12252305, 12290609, 
12308465, 12331369, 12375497, 12468457, 12481625, 12487897, 12525473, 12574081, 
12577385, 12717937, 12763865, 12873233, 12944521, 12962441, 13132225, 13151945, 
13157425, 13167793, 13196737, 13310705, 13313945, 13497185, 13509217, 13515049, 
13644073, 13655441, 13715921, 14013217, 14090897, 14120849, 14169233, 14203001, 
14265721, 14284657, 14324473, 14380409, 14387753, 14466593, 14614489, 14671945, 
14715065, 14749057, 14798225, 14827969, 14900825, 14985713, 15031073, 15090049, 
15205969, 15293665, 15296177, 15298985, 15364505, 15374305, 15389641, 15404321, 
15528809, 15538321, 15574169, 15636385, 15641705, 15708233, 15716009, 15735953, 
15780521, 15816305, 15935473, 15974281, 16003289, 16022665, 16043105, 16136353, 
16238153, 16247953, 16249745, 16265873, 16315273, 16347025, 16531481, 16608313, 
16681457, 16700609, 16717969, 16729337, 16748929, 16780681, 16832369, 17008993, 
17037217, 17059681, 17081345, 17186401, 17214401, 17237369, 17313977, 17386265, 
17406937, 17409961, 17421545, 17609041, 17685145, 17700545, 17734033, 17761241, 
17767009, 17826257, 17827769, 17933617, 17935121, 17980993, 18012961, 18096913, 
18113537, 18210025, 18223697, 18364529, 18435313, 18462593, 18493841, 18512201, 
18543961, 18621065, 18750601, 18792937, 18861193, 18901801, 18961993, 19015201, 
19029529, 19095553, 19127593, 19200673, 19218313, 19344529, 19456705, 19485145, 
19811521, 19823113, 19842481, 19848809, 19855873, 19864153, 20020897, 20045881, 
20114201, 20141633, 20193265, 20218465, 20231345, 20312489, 20346481, 20350793, 
20421353, 20427625, 20520641, 20588465, 20608561, 20609345, 20625761, 20656945, 
20671337, 20735633, 20825561, 20946809, 20982025, 21015065, 21090673, 21203057, 
21217681, 21229273, 21243097, 21344185, 21348433, 21386009, 21409193, 21412729, 
21483289, 21489113, 21549593, 21636281, 21645353, 21667025, 21774881, 21844649, 
21870857, 21958273, 22010473, 22079009, 22086857, 22248361, 22248577, 22281625, 
22358233, 22475377, 22589057, 22654801, 22708225, 22721609, 22798441, 22812049, 
22855673, 22857185, 22863961, 22877857, 22901041, 22956473, 22966777, 23018977, 
23028265, 23072905, 23170457, 23234969, 23292425, 23372777, 23407273, 23440033, 
23449897, 23467249, 23526001, 23596057, 23600585, 23669353, 23809241, 23972041, 
24026977, 24030505, 24035761, 24106321, 24135841, 24167585, 24219721, 24270185, 
24275953, 24419369, 24583609, 24668345, 24700033, 24723001, 24734081, 24869441, 
24933673, 24945985, 25014025, 25042033, 25051321, 25088401, 25117913, 25207345, 
25363073, 25369409, 25744385, 25831297, 25865569, 25948729, 25967593, 25983217, 
26058089, 26178265, 26200505, 26242841, 26342849, 26395049, 26452225, 26467337, 
26537897, 26653097, 26748569, 26765929, 26778593, 26800993, 26828425, 26895457, 
26908625, 26922233, 26967025, 26982929, 26994809, 27011657, 27027569, 27041681, 
27228889, 27307505, 27387361, 27387425, 27467281, 27512641, 27526249, 27635617, 
27665633, 27821873, 27824393, 27863425, 27886105, 27887105, 27994745, 28009865, 
28119457, 28164529, 28224001, 28236889, 28285273, 28377001, 28392905, 28431713, 
28434737, 28442233, 28563193, 28700065, 28766873, 28785961, 28879201, 28883233, 
28900937, 28925345, 28957105, 28997137, 29033209, 29040545, 29108305, 29140777, 
29207809, 29230777, 29325025, 29354761, 29356265, 29539441, 29586377, 29607265, 
29611793, 29654353, 29672497, 29730233, 29796257, 29799785, 29807345, 29834065, 
29838881, 29951209, 29973385, 29992537, 30074753, 30152593, 30197225, 30214865, 
30267505, 30297521, 30310057, 30403073, 30417697, 30607697, 30685825, 30687553, 
30692089, 30699937, 30724633, 30746809, 30842281, 31072897, 31106377, 31129337, 
31137905, 31139137, 31155049, 31205953, 31345841, 31399769, 31410289, 31651481, 
31706929, 31707649, 31722769, 31747025, 31760849, 31777489, 31792889, 31796921, 
31799161, 31832137, 31847545, 31952369, 32044825, 32066497, 32090689, 32222521, 
32326849, 32392873, 32403169, 32447809, 32452337, 32482361, 32587921, 32597713, 
32606785, 32649185, 32693473, 32731273, 32753225, 32813425, 32884553, 32945537, 
32951521, 32988097, 33041801, 33044761, 33060673, 33095665, 33110345, 33166513, 
33171769, 33237073, 33368897, 33388777, 33516569, 33576985, 33706801, 33794209, 
34043249, 34152841, 34191145, 34216561, 34244569, 34282145, 34304825, 34356449, 
34427737, 34562585, 34744313, 34857209, 34905025, 34916681, 34933313, 34981921, 
34988689, 35009921, 35018209, 35123545, 35281073, 35316793, 35338745, 35365177, 
35419105, 35419393, 35567281, 35581169, 35689033, 35695865, 35906537, 36095537, 
36138601, 36141337, 36230609, 36297137, 36326089, 36344449, 36529697, 36534233, 
36986833, 37048817, 37072289, 37088417, 37152865, 37167545, 37171793, 37185625, 
37244377, 37267561, 37435385, 37518049, 37526113, 37533169, 37560385, 37638001, 
37687385, 37701721, 37706825, 37797481, 37817137, 37838081, 37839377, 37903825, 
37952993, 37953217, 37981945, 38029609, 38090809, 38215073, 38255401, 38263177, 
38363249, 38372825, 38597609, 38622809, 38640169, 38825705, 38825929, 38841049, 
38841769, 38903761, 38903825, 38968841, 38996561, 39031049, 39038833, 39112985, 
39238921, 39276497, 39374497, 39392137, 39401777, 39480625, 39535049, 39542617, 
39575089, 39606905, 39620233, 39683513, 39703105, 39728585, 39738161, 39788785, 
39869209, 39911545, 39967993, 40139857, 40219265, 40230569, 40251457, 40284505, 
40292345, 40340161, 40386089, 40431665, 40460617, 40482577, 40638025, 40697057, 
40809385, 40843153, 40902401, 40923073, 41028409, 41067937, 41092129, 41098969, 
41110777, 41246633, 41266073, 41389265, 41398057, 41478257, 41549041, 41704489, 
41809825, 41874121, 41927041, 41931577, 41946977, 42016969, 42026833, 42159665, 
42234761, 42267737, 42275305, 42304249, 42329233, 42369545, 42390937, 42421745, 
42446945, 42456457, 42458257, 42544153, 42635665, 42652009, 42837769, 42885929, 
42936769, 42962257, 43035049, 43080185, 43182785, 43230161, 43295113, 43329169, 
43389865, 43392169, 43405273, 43422185, 43500241, 43519393, 43526233, 43529753, 
43538545, 43590961, 43602617, 43650713, 43667353, 43730345, 43769881, 43798393, 
43890337, 43992209, 44060689, 44073577, 44202817, 44261281, 44278481, 44434657, 
44526161, 44529193, 44721937, 44743169, 44745913, 44768593, 44809417, 44874649, 
44895817, 44968897, 44973721, 45091153, 45106273, 45239825, 45291233, 45350993, 
45375185, 45426025, 45503137, 45563401, 45585857, 45632729, 45659377, 45671249, 
45687161, 45758225, 45824689, 45892513, 45921017, 46134937, 46229681, 46235729, 
46263673, 46269217, 46278289, 46329257, 46370305, 46411625, 46437113, 46442873, 
46610713, 46660321, 46699633, 46745057, 46886897, 46935289, 47044153, 47067833, 
47151505, 47235665, 47263889, 47315585, 47331425, 47331649, 47397737, 47418337, 
47419129, 47605385, 47638585, 47702657, 47727353, 47807713, 47838961, 48010313, 
48041065, 48080369, 48108097, 48195065, 48217745, 48268865, 48323585, 48340657, 
48394585, 48408473, 48434465, 48516841, 48532177, 48587897, 48656225, 48734281, 
48790513, 48844657, 48869633, 48908953, 48969649, 49259737, 49266793, 49270537, 
49500929, 49511449, 49516777, 49572209, 49576969, 49618081, 49628881, 49779353, 
49837825, 49920697, 49932065, 49952513, 50101697, 50291425, 50291929, 50369041, 
50407345, 50409577, 50417705, 50506913, 50575681, 50607937, 50612249, 50624785, 
50655025, 50832721, 50910841, 50954689, 51142169, 51183001, 51230881, 51241177, 
51260833, 51363145, 51394393, 51510817, 51558193, 51637105, 51639905, 51854833, 
51934241, 51962689, 52018625, 52026473, 52227569, 52301873, 52337161, 52360841, 
52447025, 52464169, 52496425, 52585913, 52626953, 52656697, 52697521, 52748705, 
52752457, 52757777, 52767065, 52839145, 52969681, 53025625, 53029657, 53040241, 
53128153, 53417729, 53467409, 53616025, 53649577, 53675497, 53687881, 53698745, 
53737993, 53938145, 53979193, 53995313, 54044425, 54152849, 54172441, 54258185, 
54284105, 54296489, 54325441, 54399529, 54441073, 54604145, 54619265, 54697385, 
54699625, 54795385, 54978617, 55069057, 55151777, 55233425, 55246745, 55254313, 
55276201, 55363681, 55535545, 55564777, 55586449, 55644121, 55656721, 55667305, 
55711945, 55760105, 55768385, 55783793, 55797625, 55828585, 55846009, 55856089, 
55890137, 55961425, 56080369, 56144881, 56320049, 56322785, 56524385, 56534689, 
56706553, 56758745, 56805625, 56871865, 57010529, 57032425, 57064897, 57096209, 
57098161, 57104489, 57109537, 57198017, 57228977, 57243097, 57328769, 57355985, 
57574441, 57810881, 57842633, 57929321, 58187873, 58343105, 58384145, 58398041, 
58431025, 58434545, 58461545, 58530025, 58533337, 58656529, 58736945, 58758401, 
58976857, 58994273, 59004569, 59042881, 59048929, 59184505, 59260889, 59479625, 
59553713, 59758337, 59919049, 60007313, 60072833, 60081337, 60105025, 60108617, 
60168025, 60230809, 60243185, 60308425, 60334913, 60341177, 60498425, 60516065, 
60684905, 60758777, 60837121, 60869881, 60871105, 60910697, 60978745, 60982553, 
60997105, 61047065, 61168025, 61232257, 61245865, 61296041, 61334281, 61356737, 
61360273, 61448465, 61494833, 61573681, 61601465, 61807033, 61896745, 61964569, 
62032601, 62042969, 62210297, 62216785, 62228945, 62232409, 62328169, 62401313, 
62457473, 62486705, 62506145, 62509393, 62525801, 62528033, 62537329, 62537393, 
62851889, 62874001, 62882129, 62888681, 63150977, 63153001, 63173881, 63354097, 
63492977, 63853337, 63904745, 63997921, 64185193, 64229761, 64281961, 64456849, 
64464913, 64544825, 64560665, 64562401, 64703809, 64761545, 64947737, 64977481, 
65120329, 65126945, 65202985, 65232217, 65261233, 65267777, 65279593, 65340577, 
65344385, 65369305, 65391761, 65610497, 65730457, 65873305, 65888705, 65909089, 
65923769, 66058337, 66066337, 66138689, 66202985, 66294713, 66358217, 66362185, 
66387161, 66389465, 66445625, 66463769, 66467017, 66550961, 66841273, 66951865, 
67001545, 67046401, 67111409, 67121713, 67131353, 67200905, 67261825, 67292065, 
67355345, 67414321, 67450825, 67511593, 67571849, 67635353, 67664081, 67664809, 
67693313, 67901401, 67946545, 67987081, 67999969, 68034961, 68195521, 68217409, 
68420521, 68492153, 68510017, 68512529, 68616641, 68627665, 68777633, 68821993, 
68967361, 69116833, 69297257, 69306113, 69462577, 69572729, 69650345, 69726449, 
69781105, 69789161, 69851665, 70108985, 70120297, 70170409, 70224905, 70244561, 
70352137, 70373081, 70418153, 70469065, 70503833, 70689305, 70702697, 70713281, 
70726609, 70779305, 70874777, 70945841, 70995241, 70996465, 71056505, 71196337, 
71224273, 71314489, 71326649, 71421121, 71589457, 71744401, 71995673, 72013313, 
72077329, 72243929, 72390305, 72523369, 72532721, 72593929, 72685145, 72733817, 
72734041, 72820729, 72824753, 72853265, 72960337, 73056817, 73187129, 73288441, 
73330489, 73556057, 73579969, 73615313, 73659601, 73794169, 73843841, 73860697, 
73931321, 73947889, 73962785, 73967041, 74118745, 74282545, 74369233, 74421425, 
74479393, 74556001, 74556505, 74568377, 74603153, 74805481, 74846809, 74917873, 
74928737, 74935001, 74958409, 74978353, 74989657, 75085481, 75103841, 75106585, 
75137617, 75182689, 75192769, 75369233, 75471985, 75495961, 75497689, 75534265, 
75727577, 75945025, 76011041, 76104001, 76145833, 76151881, 76211921, 76228553, 
76230785, 76240649, 76291049, 76479985, 76524617, 76538233, 76557601, 76590865, 
76688705, 76757753, 76807081, 76890025, 76905361, 76991105, 77105225, 77192705, 
77231233, 77255705, 77294953, 77319713, 77417209, 77431601, 77449969, 77544433, 
77616785, 77634649, 77745025, 78039145, 78135905, 78150241, 78156569, 78164137, 
78175217, 78303745, 78454153, 78558257, 78676985, 78703921, 78718025, 78739985, 
78742721, 78845257, 78928705, 79106609, 79244713, 79258313, 79337729, 79353793, 
79374241, 79476049, 79551929, 79573825, 79588153, 79614929, 79635025, 79780969, 
79819049, 79842673, 79859089, 79861321, 79973777, 79995665, 80010793, 80054641, 
80125921, 80227001, 80252929, 80261777, 80298065, 80371937, 80375689, 80385545, 
80528113, 80604497, 80710625, 80809849, 80853473, 80870329, 80924761, 80926777, 
81054569, 81079049, 81083081, 81132193, 81178337, 81307081, 81355177, 81391249, 
81473617, 81482977, 81491041, 81538921, 81587521, 81649801, 81652825, 81671473, 
81725177, 81813817, 81876313, 81976889, 82009369, 82054505, 82239257, 82242785, 
82319393, 82360657, 82694873, 82708481, 82812025, 82865953, 82946089, 82969553, 
83028017, 83168353, 83399401, 83515601, 83607113, 83680409, 83681201, 83824049, 
83861857, 83882297, 83976041, 83981585, 84001177, 84027161, 84151145, 84158713, 
84217393, 84295801, 84307897, 84358297, 84496393, 84516049, 84568969, 84588337, 
84745081, 84805849, 84837097, 84840841, 84910897, 84922769, 84963097, 84980737, 
84993329, 85026817, 85166705, 85262185, 85293433, 85328993, 85399561, 85495321, 
85530601, 85659113, 85668409, 85670209, 85680569, 85709297, 85772297, 85882169, 
85915145, 86058793, 86121569, 86139425, 86229641, 86288113, 86341313, 86460977, 
86510593, 86582729, 86666329, 86806441, 86852593, 86930929, 86945329, 87002281, 
87010337, 87189985, 87303673, 87306185, 87412817, 87499217, 87633065, 87637537, 
87799601, 87811193, 87875705, 87957577, 87991625, 88807825, 89008985, 89041969, 
89163929, 89257169, 89342857, 89562089, 89622353, 89642953, 89651305, 89654833, 
89734681, 89887393, 90002089, 90024545, 90283321, 90428969, 90452161, 90582977, 
90808489, 90824897, 90842761, 90893153, 90960697, 91007561, 91078849, 91375705, 
91480321, 91608337, 91621153, 91623233, 91756513, 91820513, 91858313, 91931113, 
92023633, 92026369, 92054881, 92089145, 92146385, 92162513, 92374921, 92387233, 
92540225, 92574497, 92795761, 92894761, 93005705, 93012697, 93017737, 93026585, 
93117817, 93169001, 93243025, 93347857, 93548737, 93694889, 93760633, 93804257, 
93820897, 93837809, 93920689, 93930257, 93953441, 94161377, 94292129, 94381625, 
94398481, 94508129, 94573081, 94656025, 94695841, 94746457, 94750993, 94853369, 
94898225, 94947049, 94963177, 95031001, 95183425, 95185505, 95195809, 95253985, 
95274425, 95351825, 95381785, 95419865, 95490649, 95585393, 95709377, 95777137, 
95820257, 95853529, 95977001, 96066433, 96070529, 96168305, 96222737, 96453001, 
96495625, 96506209, 96509513, 96523561, 96599945, 96652361, 96746897, 96824449, 
96871385, 97008193, 97025545, 97027625, 97111225, 97160113, 97227145, 97238233, 
97407865, 97524001, 97583537, 97615505, 97640489, 97655321, 97662889, 97679521, 
97687577, 97808321, 97970329, 97990481, 98052257, 98064289, 98068609, 98210737, 
98314273, 98366465, 98383105, 98445881, 98514137, 98633369, 98644961, 98664617, 
98668585, 98728561, 98732881, 98771465, 98794873, 98882569, 98917561, 98946289, 
98946577, 99148681, 99304633, 99615665, 99646913, 99808129, 99935929, 99974009, 
99985033, 100195201, 100259993, 100380953, 100446193, 100462609, 100492057, 
100538929, 100578745, 100600705, 100661689, 100717625, 100724689, 100872865, 
100919233, 100931041, 101022545, 101059121, 101146313, 101180521, 101228401, 
101273033, 101316665, 101350145, 101384641, 101435041, 101494297, 101567881, 
101726417, 101823625, 101913617, 101982673, 102390185, 102438793, 102490705, 
102677185, 102696337, 102792881, 102803185, 102845513, 102874249, 102897713, 
102917873, 102942065, 103079593, 103085641, 103241945, 103303153, 103634273, 
103678625, 103849481, 103852729, 103858049, 104036753, 104041225, 104118625, 
104151665, 104163473, 104229505, 104508937, 104764969, 104879945, 105046705, 
105117769, 105347089, 105477121, 105566393, 105622057, 105677993, 105744521, 
105818113, 105849353, 105882625, 105891913, 105976865, 106037849, 106199353, 
106286825, 106288625, 106488209, 106563745, 106600825, 106608385, 106622497, 
106712209, 106746985, 106782481, 106885073, 106920865, 106928705, 107037065, 
107053697, 107133553, 107147657, 107201089, 107231329, 107277409, 107335369, 
107372225, 107447041, 107491393, 107515801, 107599249, 107630993, 107692265, 
107709121, 107727761, 107747425, 107766577, 108014033, 108024121, 108194249, 
108225937, 108315649, 108460361, 108508969, 108555049, 108555553, 108664921, 
108682625, 108774353, 108775297, 108856505, 108884945, 108960553, 108976897, 
109008929, 109055017, 109126081, 109272745, 109295713, 109308025, 109338769, 
109350137, 109405081, 109407313, 109421201, 109444673, 109495073, 109615249, 
109681265, 109688329, 109945145, 110022985, 110051489, 110165617, 110348345, 
110508553, 110530289, 110540593, 110681425, 110726065, 110854361, 110935721, 
110995921, 111026161, 111260801, 111368153, 111431161, 111434689, 111480265, 
111491641, 111688417, 111742849, 111906145, 111975697, 112137761, 112432385, 
112499353, 112504961, 112515481, 112666465, 112757905, 112858481, 112991825, 
112993049, 113053537, 113121793, 113230217, 113304025, 113479129, 113523481, 
113662369, 113699945, 113756833, 113928977, 113936041, 114254849, 114272425, 
114353345, 114369481, 114405985, 114432257, 114557689, 114591241, 114600817, 
114655241, 114685481, 114866921, 114915305, 114916321, 114920353, 114963193, 
114977305, 115180633, 115342201, 115395625, 115469425, 115621633, 115679593, 
115700033, 115774633, 115789745, 115974209, 116035985, 116113825, 116117857, 
116121889, 116362577, 116365313, 116365321, 116377697, 116395561, 116422489, 
116456825, 116459785, 116572745, 116661665, 116697737, 116750593, 116789465, 
116834545, 116850673, 116992793, 117013969, 117349129, 117444665, 117475625, 
117536393, 117618257, 117648505, 117676001, 117894737, 117898489, 117997265, 
118028521, 118052201, 118117225, 118145945, 118272457, 118291385, 118348841, 
118350289, 118351297, 118386073, 118396945, 118496737, 118672625, 118815545, 
118942273, 118957673, 119027449, 119199313, 119200321, 119295289, 119414737, 
119479753, 119492633, 119528425, 119535481, 119572769, 119710145, 119728729, 
119861849, 119885473, 119914265, 119978713, 119998873, 120071225, 120111833, 
120131425, 120211057, 120242585, 120258937, 120287225, 120302065, 120322945, 
120366065, 120389473, 120578257, 120598921, 120620305, 120700225, 120852425, 
120910897, 120936313, 120945449, 120976913, 120980665, 120990025, 121023505, 
121034657, 121035889, 121041209, 121111769, 121166641, 121333241, 121363993, 
121383145, 121388969, 121421953, 121479121, 121562569, 121857905, 121883833, 
121897001, 121989233, 122012641, 122014873, 122068577, 122083201, 122085937, 
122134097, 122164121, 122295097, 122310721, 122334913, 122355857, 122393945, 
122458681, 122615705, 122623481, 122697793, 122859361, 122869721, 123068521, 
123115169, 123333625, 123473513, 123483529, 123726241, 123732505, 123843889, 
123883985, 123941225, 123975217, 124068449, 124089905, 124102225, 124150825, 
124306625, 124396561, 124414193, 124506433, 124591609, 124639201, 124726681, 
124769801, 124933321, 124947649, 125050753, 125086033, 125184305, 125238017, 
125503625, 125523721, 125528033, 125537897, 125572105, 125675993, 125803001, 
125884369, 125890417, 125920145, 125992225, 126014113, 126023473, 126130817, 
126161569, 126196057, 126241417, 126279281, 126320545, 126365465, 126588233, 
126603073, 126660025, 126678385, 126679681, 126714953, 126802649, 126862913, 
126957665, 126994393, 127194257, 127239625, 127356049, 127434665, 127444465, 
127464913, 127470737, 127504505, 127533737, 127553113, 127591633, 127634753, 
127761265, 127786969, 127798777, 127913689, 127926353, 127949761, 128072953, 
128116585, 128261737, 128463553, 128507689, 128552825, 128555561, 128613025, 
128614537, 128685593, 128749825, 128791721, 128834281, 128965313, 128988785, 
129022049, 129035873, 129067913, 129078209, 129397969, 129409121, 129458953, 
129584449, 129588545, 129640393, 129678985, 129736217, 129767465, 129773009, 
129855881, 130004569, 130097809, 130169873, 130312225, 130386097, 130447865, 
130493945, 130539313, 130581929, 130685465, 130751713, 130817801, 130894409, 
130904425, 130908521, 130943233, 130993697, 131028977, 131043809, 131045545, 
131058145, 131227265, 131329865, 131341673, 131350465, 131382001, 131385305, 
131426345, 131584825, 131600737, 131617865, 131651857, 131712401, 131712905, 
131723705, 131734289, 131826745, 131850721, 131931137, 132036977, 132059369, 
132165937, 132181057, 132215113, 132280849, 132300793, 132363065, 132381209, 
132420457, 132433849, 132683041, 132928777, 132944617, 133132385, 133339537, 
133411889, 133448401, 133599097, 133707457, 133726321, 133798457, 133800697, 
133815089, 133819625, 133841233, 133882849, 133924961, 133936777, 133975585, 
134041385, 134054425, 134085169, 134085953, 134224049, 134262353, 134503769, 
134552377, 134604857, 134690537, 134739641, 134741161, 134889049, 134899913, 
134921089, 134975737, 135068537, 135072065, 135116633, 135220177, 135286985, 
135363089, 135491393, 135761753, 135789193, 135950977, 135966161, 136030393, 
136042985, 136198505, 136210537, 136301537, 136302545, 136302769, 136317953, 
136414945, 136465849, 136473905, 136504153, 136608977, 136645769, 136646057, 
136681841, 136682569, 136800505, 136801793, 136862993, 137231425, 137423161, 
137570329, 137607625, 137620289, 137819305, 137883601, 137894465, 137917081, 
138145961, 138256561, 138270665, 138334897, 138509849, 138552905, 138613393, 
138707633, 138792025, 138807649, 138865897, 138870425, 138913777, 138929401, 
138952081, 138972737, 139044089, 139089169, 139241089, 139286449, 139289761, 
139367089, 139452545, 139522825, 139570993, 139645585, 139677553, 139682377, 
139834073, 139862801, 139896289, 139925305, 139956545, 139975697, 139997593, 
140079241, 140081825, 140229217, 140245121, 140252681, 140354705, 140511953, 
140540177, 140649769, 140786857, 140788369, 140806513, 140907377, 140925241, 
140958001, 141122521, 141139441, 141272209, 141395753, 141452417, 141495041, 
141629833, 141637393, 141710473, 141838489, 141850081, 141851081, 141986945, 
142007329, 142051897, 142098329, 142446529, 142534009, 142651945, 142738633, 
142836409, 143021881, 143176601, 143206345, 143302825, 143365825, 143534729, 
143784209, 143822737, 143958025, 143977177, 144026353, 144144785, 144239033, 
144239761, 144243793, 144342577, 144399089, 144412913, 144426025, 144504425, 
144553033, 144598609, 144611777, 144623593, 144711785, 144766505, 145085257, 
145102609, 145117793, 145192825, 145331705, 145580465, 145614673, 145709425, 
145772705, 145847081, 145858385, 146012833, 146027225, 146099809, 146133353, 
146270657, 146354833, 146363905, 146418553, 146464201, 146516329, 146516393, 
146536273, 146583425, 146776177, 146784521, 146993617, 147008017, 147023641, 
147035225, 147092681, 147334609, 147443185, 147633193, 147689705, 147715625, 
147767825, 147802097, 147803833, 147850697, 147857761, 147865601, 147879433, 
147925297, 147943945, 147947473, 148195657, 148377881, 148434049, 148472129, 
148491785, 148557809, 148568897, 148652569, 148885129, 148888153, 149005361, 
149164625, 149222081, 149369761, 149440817, 149541617, 149548457, 149651489, 
149743505, 149943025, 149975057, 149987161, 150097817, 150174929, 150272417, 
150352777, 150396905, 150428665, 150492953, 150568769, 150617441, 150660001, 
150682681, 150863105, 151209361, 151340113, 151429889, 151457105, 151543729, 
151578505, 151648625, 151668217, 151849945, 151959025, 152065153, 152115769, 
152128657, 152254937, 152408873, 152467057, 152504857, 152694145, 152805745, 
152869249, 152877377, 152878609, 152918417, 152957513, 153408313, 153435529, 
153478649, 153519697, 153525521, 153555257, 153570313, 153602569, 153615449, 
153615961, 153713233, 153826345, 153940313, 153956945, 153989641, 153990937, 
153992161, 154037017, 154235657, 154471249, 154476569, 154535257, 154557433, 
154626985, 154701073, 154832105, 154947025, 154971721, 155004473, 155005489, 
155088145, 155107297, 155112113, 155177857, 155278369, 155395577, 155536985, 
155556641, 155617337, 155651609, 155738809, 155791225, 155812609, 155814409, 
155957321, 155961065, 156038177, 156052009, 156070153, 156094913, 156240793, 
156267281, 156504665, 156612233, 156680497, 156684529, 157008161, 157025521, 
157026025, 157064609, 157138633, 157287817, 157380337, 157421881, 157564073, 
157833145, 157987937, 158008097, 158069809, 158094785, 158205665, 158256289, 
158348017, 158413025, 158568265, 158601305, 158646601, 158659769, 158707369, 
158808449, 158931649, 159066937, 159157721, 159220217, 159252185, 159314689, 
159332545, 159350465, 159396841, 159457537, 159632425, 159708529, 159722705, 
159786145, 159821713, 159828041, 159860801, 159861025, 159888241, 159974929, 
160028065, 160224913, 160268257, 160285889, 160341553, 160417657, 160443137, 
160448969, 160478929, 160487489, 160488505, 160510673, 160523057, 160642001, 
160665409, 160677721, 160836481, 160940585, 160992217, 161114185, 161261857, 
161361425, 161474041, 161486417, 161540633, 161569585, 161612929, 161723017, 
161829649, 162009569, 162020665, 162113617, 162197569, 162393113, 162430129, 
162453377, 162478793, 162488657, 162582841, 162621145, 162752977, 162782489, 
162947009, 162970481, 163057385, 163067473, 163159985, 163409465, 163468433, 
163519057, 163646281, 163650593, 163680049, 164022553, 164081297, 164165465, 
164177273, 164271025, 164317897, 164335249, 164428777, 164538361 ];

