stillbad := [ 20233298, 24773050, 49897450, 51348970, 56966050, 70827842, 
73220330, 96497066, 103288970, 104601890, 117092530, 117839170, 120813050, 
124596074, 125946290, 128294930, 130187450, 134957090, 139433050, 145126010, 
145650170, 149477050, 154814690, 156818810, 160629554, 160631290 ];
uncondupper := [
[ 3, 3, 1, 2, 1, 2 ],
[ 2, 2, 2, 1, 1, 1 ],
[ 2, 2, 2, 1, 1, 1 ],
[ 3, 1, 3, 2, 1, 2 ],
[ 2, 2, 2, 1, 1, 1 ],
[ 3, 3, 3, 2, 1, 2 ],
[ 1, 3, 1, 2, 1, 2 ],
[ 3, 1, 1, 2, 1, 2 ],
[ 1, 1, 1, 2, 1, 2 ],
[ 3, 1, 1, 2, 1, 2 ],
[ 3, 3, 3, 2, 1, 2 ],
[ 1, 1, 3, 2, 1, 2 ],
[ 2, 2, 2, 3, 1, 3 ],
[ 3, 3, 1, 2, 1, 2 ],
[ 3, 3, 1, 2, 1, 2 ],
[ 1, 1, 1, 2, 1, 2 ],
[ 2, 2, 2, 3, 1, 3 ],
[ 3, 3, 1, 2, 1, 2 ],
[ 2, 2, 2, 1, 1, 1 ],
[ 1, 1, 1, 2, 1, 2 ],
[ 1, 1, 1, 2, 1, 2 ],
[ 2, 2, 2, 1, 1, 1 ],
[ 3, 3, 1, 2, 1, 2 ],
[ 1, 1, 1, 2, 1, 2 ],
[ 1, 1, 1, 2, 1, 2 ],
[ 3, 3, 3, 2, 1, 2 ]
];
condlower := [
[ 1, 1, 0, 0, 0, 0 ],
[ 0, 0, 0, 0, 0, 0 ],
[ 0, 0, 0, 0, 0, 0 ],
[ 1, 0, 1, 0, 0, 0 ],
[ 0, 0, 0, 0, 0, 0 ],
[ 1, 1, 0, 0, 0, 0 ],
[ 0, 1, 0, 0, 0, 0 ],
[ 1, 0, 0, 0, 0, 0 ],
[ 0, 0, 0, 0, 0, 0 ],
[ 1, 0, 0, 0, 0, 0 ],
[ 1, 1, 1, 0, 0, 0 ],
[ 0, 0, 1, 0, 0, 0 ],
[ 0, 0, 0, 1, 0, 0 ],
[ 1, 1, 0, 0, 0, 0 ],
[ 1, 1, 0, 0, 0, 0 ],
[ 0, 0, 0, 0, 0, 0 ],
[ 0, 0, 0, 1, 0, 0 ],
[ 1, 1, 0, 0, 0, 0 ],
[ 0, 0, 0, 0, 0, 0 ],
[ 0, 0, 0, 0, 0, 0 ],
[ 0, 0, 0, 0, 0, 0 ],
[ 0, 0, 0, 0, 0, 0 ],
[ 1, 1, 0, 0, 0, 0 ],
[ 0, 0, 0, 0, 0, 0 ],
[ 0, 0, 0, 0, 0, 0 ],
[ 1, 1, 1, 0, 0, 0 ]
];
condupper := [
[ 1, 1, 1, 0, 1, 0 ],
[ 0, 0, 0, 1, 1, 1 ],
[ 0, 0, 0, 1, 1, 1 ],
[ 1, 1, 1, 0, 1, 0 ],
[ 0, 0, 0, 1, 1, 1 ],
[ 1, 1, 1, 0, 1, 0 ],
[ 1, 1, 1, 0, 1, 0 ],
[ 1, 1, 1, 2, 1, 2 ],
[ 1, 1, 1, 0, 1, 0 ],
[ 1, 1, 1, 0, 1, 0 ],
[ 1, 1, 1, 2, 1, 2 ],
[ 1, 1, 1, 0, 1, 0 ],
[ 0, 0, 0, 1, 1, 1 ],
[ 1, 1, 1, 0, 1, 0 ],
[ 1, 1, 1, 0, 1, 0 ],
[ 1, 1, 1, 2, 1, 0 ],
[ 0, 0, 0, 1, 1, 1 ],
[ 1, 1, 1, 0, 1, 0 ],
[ 0, 0, 0, 1, 1, 1 ],
[ 1, 1, 1, 0, 1, 0 ],
[ 1, 1, 1, 0, 1, 0 ],
[ 0, 0, 0, 1, 1, 1 ],
[ 1, 1, 1, 0, 1, 2 ],
[ 1, 1, 1, 2, 1, 0 ],
[ 1, 1, 1, 0, 1, 2 ],
[ 1, 1, 1, 2, 1, 0 ]
];
