superbadk := [
12536714,
19100530,
20233298,
24331610,
24773050,
25264730,
25436090,
28155170,
28912682,
29457506,
32586338,
33421970,
34082714,
35672330,
36683858,
37000090,
39115378,
39643066,
39953810,
40068218,
43449050,
43551362,
44857730,
46934210,
47153954,
47587114,
48562130,
49184066,
49897450,
50812490,
51348970,
55131770,
56966050,
57153314,
58253546,
58528010,
59455586,
61660370,
61792130,
62830370,
63021890,
68064410,
68081770,
68626874,
69198410,
69442066,
70827842,
72186122,
72245090,
72451730,
72622586,
72857954,
73220330,
73809730,
75042794,
76241530,
76840058,
79911434,
79947226,
80138458,
80780050,
81087770,
82604306,
83511290,
83887490,
84214082,
84235754,
84581218,
86767346,
88219370,
88790402,
89106410,
89184530,
90418826,
93633338,
95198258,
95293010,
95857490,
96496562,
96497066,
96930002,
97492970,
97649210,
100294706,
101026010,
101624266,
103288970,
103493818,
104601890,
104851370,
105308506,
105664322,
105902714,
106368410,
106391090,
107202530,
107697682,
107993810,
111429074,
111620090,
111857194,
111945170,
112015730,
112104658,
112258658,
112328210,
112399498,
112401290,
114368626,
114961610,
117012386,
117092530,
117807698,
117839170,
118619642,
119711810,
120813050,
122545802,
123557330,
123662666,
124244290,
124453442,
124596074,
124805738,
125321050,
125946290,
125999210,
127531370,
128294930,
128310554,
128385146,
130187450,
131154626,
131888450,
132045698,
134957090,
135476714,
135602714,
137664290,
139039930,
139433050,
139624570,
140444858,
141991130,
142758730,
142810130,
142888754,
143131466,
143747066,
144630074,
144757306,
145107362,
145126010,
145650170,
145866890,
146083610,
147711530,
148311290,
148918610,
149122730,
149203594,
149477050,
150151618,
150186394,
150240098,
150486778,
152074658,
152197858,
152457698,
152583194,
153193762,
153412282,
153873154,
153961130,
154357778,
154598690,
154814690,
156161090,
156818810,
156826090,
157488626,
157777418,
158479210,
158523338,
159386690,
159645242,
160230890,
160598810,
160629554,
160631290,
160926914,
161912738,
162805322,
163058330,
163135162,
163794394];
